2 0.7001953125 0.2861328125 0.072265625 0.1201171875
2 0.166015625 0.0185546875 0.0703125 0.037109375
8 0.0341796875 0.5791015625 0.068359375 0.146484375
9 0.501953125 0.4833984375 0.064453125 0.14453125
1 0.072265625 0.8583984375 0.1435546875 0.0908203125
1 0.1201171875 0.90625 0.0576171875 0.1865234375
10 0.9619140625 0.8916015625 0.076171875 0.216796875
4 0.6669921875 0.1923828125 0.396484375 0.384765625
1 0.947265625 0.1982421875 0.0341796875 0.396484375
1 0.96484375 0.3447265625 0.0693359375 0.0859375
5 0.2314453125 0.3935546875 0.064453125 0.1240234375